sim-id,trigtime,ra,dec,H1-snr,L1-snr,V1-snr,snr,npix,logZ-tensor-R-1,logZ-err-tensor-R-1,logZ-tensor-N-0,logZ-err-tensor-N-0,logZ-vector-R-1,logZ-err-vector-R-1,logZ-vector-N-0,logZ-err-vector-N-0,logZ-scalar-N-0,logZ-err-scalar-N-0,logZ-scalar-P-1,logZ-err-scalar-P-1
0,966384130.7140256,4.566311836000001,-1.34117198,13.81576062,10.40090608,9.851125752,19.902230211105522,75,-9.170297408768727,0.0768407655235597,-6.3463215049969675,0.021633861917865697,-9.800020404389137,0.0830911944697018,-6.291302856345408,0.02502613489224158,-13.488534588385198,0.044343396988173,-9.152039154473584,0.05813022822956112
1,966384876.1370648,0.5138322710000001,0.275454491,14.354084287000001,16.872978883,14.64063296,26.553442066404546,92,-9.67611100163447,0.051802079553975915,-7.291574949245962,0.02872599317642703,-36.31875240488833,0.20250899300946373,-8.395977867080887,0.04528923588746598,-16.96177131985136,0.07334837125242391,-9.98774751251147,0.05426008988294258
2,966385695.0861443,2.9753379819999997,0.2969096,26.732328664,10.287628978999999,7.763478084,29.67699947384211,86,-12.146723627684759,0.050838382691524325,-6.530267659062643,0.023807482991968665,-10.748191756753211,0.04962962705465662,-6.777240432457953,0.017619972076902215,-13.662627730818608,0.033150160647276446,-6.498287235365242,0.01278936176731149
3,966386622.0088493,4.524222851,0.46986758700000003,12.46037609,15.006238117999999,6.300874997999999,20.49754084027597,91,-10.381379132220127,0.03237440555977654,-6.585159551103471,0.021316824544512534,-10.562043767625616,0.038572304913271474,-7.056186869216667,0.020182771390551236,-10.025693999520628,0.05479574069627497,-7.843536017434155,0.010533328229794041
4,966387376.3090851,2.115628004,0.8671010729999999,14.995381123,11.060910140999999,7.887961799,20.234256337058316,76,-8.376370025950953,0.033352763600547286,-7.200160766779093,0.025445467451083222,-9.178747511993093,0.08527670650273193,-6.56854714157153,0.02330451249736485,-13.453689782312246,0.04000324274907158,-8.55153428217376,0.03231637699289455
5,966388392.1611309,0.816278517,1.0722539420000001,8.721350368,6.946231504,15.886048996,19.40821055769667,67,-11.101919110539248,0.10744974811238814,-6.700898237899052,0.02286720666878364,-18.32048765987595,0.08039533270194749,-8.106986060177158,0.028960067669471515,-13.62023131400971,0.0716671345159594,-8.81711520618266,0.02795966497560688
6,966389149.6836656,5.126654148,1.3677810430000001,15.236464690999998,14.165119932,5.058505378,21.410019981945094,75,-10.31333743418629,0.043458126534001384,-6.576515933219359,0.01817158201184643,-9.758025188063714,0.021736692123943024,-6.878155063112271,0.02186093257485537,-10.498450018619545,0.05538050335097493,-4.986370605859994,0.010385726372034488
7,966390054.0539733,0.269400686,0.622580528,4.720157867,8.79980631,16.655885632,19.419964149533897,74,-12.092591319416362,0.10241103497350251,-6.6066252043379885,0.018366970994179894,-15.474656639488314,0.08432722277877482,-7.3385046514717445,0.017429484401336792,-12.621092016910685,0.028821406486167933,-7.787368519985303,0.013794741596528758
8,966390815.2299151,2.036648989,-0.331694186,11.40844903,17.537199813,7.642809291,22.27372039893181,70,-8.94715096314023,0.05291256402907378,-6.369176104988403,0.02184862863323728,-12.109435715114442,0.038606717823680296,-6.763507221207379,0.024966284952496573,-8.658344717470763,0.035665160758906744,-6.001109794955459,0.013533302680366925
9,966391727.9693226,2.344242096,0.890730798,17.224319614000002,14.015907823,9.424697417,24.123593838192193,79,-9.196160426102953,0.09056225200728614,-7.441011688509085,0.03334083294575049,-8.97824233866303,0.06265556792415657,-6.4432631876884185,0.02198363938581239,-16.108244042413528,0.07200926965589563,-8.52934878743427,0.037084318676961166
10,966392440.273938,6.26701498,-0.461208999,13.70361186,3.5389291,12.673240777,18.99800065733695,69,-10.491225558054955,0.0634443522504085,-6.391024279460096,0.021461271268105733,-13.1143595113531,0.11179068976164999,-7.262346961842352,0.023698072610356447,-10.241179794656977,0.05276384346408488,-9.427630190834265,0.047371275010634734
11,966393363.9065711,3.93466711,0.544756711,18.563946907000002,14.596330279000002,2.6146975880000003,23.75941131123118,74,-7.628181450956512,0.023409547722325733,-5.99528574778016,0.014993673310963206,-7.506801031617978,0.029858444859953082,-6.057493396719277,0.0158132261923302,-7.4443286004719225,0.038559408092243105,-4.383964826555177,0.011223428745817284
12,966394162.6198736,2.831732988,-0.501958013,10.450345729,14.097056903,10.361205997,20.378697919502052,61,-9.68130195289195,0.0676342040739438,-6.563388835140484,0.023051322614724007,-12.235904891138492,0.06505777499106122,-6.968019870577061,0.023027026039569642,-11.6870162432911,0.0315352785480107,-8.181329536749613,0.03670713796146798
13,966395074.504896,5.884624958,-0.081114583,1.782798394,18.041168905,10.892273422,21.14955710817594,80,-9.280596424102479,0.06668337473085238,-7.528888198836152,0.026785246447714333,-36.71629731749873,0.07479039716819155,-7.442699247778291,0.029649257295653056,-11.059048144330708,0.052929545026274415,-5.580458070161083,0.013508082850164334
14,966395875.5055504,0.764776111,-0.866135478,19.098067563,14.098853150999998,6.324769859,24.566574009895852,91,-7.268395325825122,0.033094466685106516,-5.79650928728997,0.013302030458495708,-7.371702660764544,0.023107012479776052,-5.676022429623125,0.016532761392769258,-6.981800344295012,0.030898627846002148,-4.438958165243971,0.010620671689705125
15,966396701.0882093,2.0953619480000003,0.776272774,13.160610453,17.269102505,13.106278125,25.361350419756114,88,-10.02502946757146,0.09311081774629125,-7.349397769663883,0.02942385871401234,-23.894512447361443,0.11044076070953202,-7.217140685973569,0.02806017122420349,-21.399535234650518,0.10349415313857205,-8.553453050062599,0.05360629446290943
16,966397582.8099912,3.67781496,-0.93659091,11.035521812,9.550726863,13.767016885,20.063147290159456,84,-21.01362268055585,0.10602327780181298,-7.66322079989867,0.025445949703566076,-25.524474783206067,0.04551382110671131,-8.202553053577224,0.030183842548804712,-23.30188823390459,0.04573302393711983,-11.388638626770842,0.04082904072766852
17,966398307.3417128,4.155073166,-0.853335381,7.481623869,4.99358742,19.163472995,21.169537271004934,80,-7.78615743661998,0.024182250839501967,-5.560981055912359,0.011968160975206142,-10.600165959303506,0.03001207491202962,-5.164828641369054,0.012088988517706517,-6.68691679049671,0.023502943428605778,-7.273378951592076,0.013350270589638297
18,966399127.8480319,3.276175022,-0.127407894,9.102937222000001,16.678288693,14.937726095999999,24.169494010298273,74,-9.550321871636445,0.06089430925889251,-7.5251630189517895,0.039574700354076946,-11.60317110949885,0.11430674970150081,-7.040806808503682,0.02801838528397795,-9.80775558798765,0.07148085425912439,-7.84717965883483,0.04253492442945099
19,966399978.5731546,4.594175816,0.1008958,14.960617015999999,14.084044318,7.019326874,21.712929687512815,74,-8.666611079652126,0.026363930832745654,-6.245918400308293,0.021387287626347038,-9.89035530390826,0.03483184675060836,-6.75344735551952,0.025658833318649803,-10.069613612698104,0.04752220411498071,-7.095382875274799,0.023870693378590244
20,966400798.229133,5.027079105,0.045537829,16.403772266,20.17797953,7.352989956,27.024083032749267,87,-8.999561763846053,0.02720294118074599,-6.799781500434033,0.018131651639478448,-10.834814902684169,0.021111494163248284,-6.625804990965421,0.019588754950924714,-10.806744066714081,0.032076425450294294,-7.038843660634727,0.01443102011470783
21,966401595.9413028,1.895926952,-0.27398338899999997,15.307184422999999,16.421569561,5.130333928,23.02820375147144,75,-7.934287905092917,0.0213002032141867,-6.081761281762983,0.020048534408403595,-9.268438721589563,0.019365305363556396,-6.749319444946607,0.02222548064980963,-8.633302036599106,0.04485953868550788,-6.298270105316945,0.01601933004689394
22,966402505.2010216,4.196976185,0.01537717,14.914685526,14.984081453,18.267111985,27.94025629091729,92,-13.980522424078163,0.07277799706655684,-8.405840944964492,0.027663884192551242,-20.615512432696917,0.20779794887895353,-7.893096504816261,0.0324388283507944,-23.71455198918786,0.05499689261518119,-17.19654584599886,0.08113503031323349
23,966403401.6063725,1.381757975,-1.206508994,15.509357937,12.066708755999999,5.359328562,20.36830985760922,70,-8.569191000959137,0.01478997916564812,-5.982621580363297,0.01415589469066421,-8.915408585474463,0.02967917055723115,-6.084021885002624,0.017909731615850487,-8.596899135099545,0.0322306077587232,-4.908342937043898,0.010250925364154718
24,966404135.5558304,1.7955139880000002,-0.608824015,19.842291956,15.542371487999999,1.680477174,25.26075741284241,79,-7.6046324330104,0.026736978539009165,-5.918837906655077,0.019241267309356633,-7.425724371334998,0.027655135310513404,-6.180955894127394,0.01443386541567177,-8.182689402061639,0.027633610840465412,-4.4809730253902815,0.011500782866698273
25,966405069.5770764,3.3930230139999997,0.824247122,20.756746567,16.755128574,10.984683575999998,28.84857249228775,99,-11.496388469802502,0.09027481565481359,-8.090974603960893,0.033450843831819586,-12.345976013251564,0.1789714525036076,-7.90418371825646,0.030194041671619758,-30.385188568552934,0.10969885294209503,-9.207114474183346,0.0598330813979459
26,966405882.8559777,4.48193121,-0.069394477,16.822126473,8.368569435,7.311218089,20.16112108507224,67,-12.15505213487796,0.06380447443356273,-7.439359177101999,0.02238103281178098,-13.77596486203549,0.03928568904109316,-7.699302883600788,0.01763963478820681,-13.390467672771875,0.04861052292516927,-7.659980085644913,0.018492947484562258
27,966406637.3648524,2.011046886,0.917541921,6.069376046,3.536237098,20.366602222,21.54392685817062,81,-9.4385620813834,0.040575966432424365,-6.371986889769524,0.01454026939506482,-13.852005843703106,0.15522680085589355,-6.124927313991937,0.01546576503650305,-9.085486052932598,0.03249391346043426,-8.214517918969644,0.031697698432053396
28,966407642.614747,2.6476430890000002,0.6721826790000001,13.094301454000002,15.083506163,12.837427213,23.74389239755265,84,-9.40297602224619,0.040169814853471555,-6.73818228410308,0.02457277398103967,-19.645393661201474,0.06439296494604423,-6.421544329643477,0.02718514515475062,-15.295789549640203,0.08071458426259955,-8.810300840116437,0.04300881149108002
29,966408367.7889053,1.402341008,-1.013277054,18.83573641,12.070675703,5.785230027999999,23.107467721731584,77,-9.39040313346241,0.04915689394306803,-6.4380224100007215,0.023567085217642125,-9.124382934862158,0.03979541222156206,-6.117202988749819,0.02036386266396322,-9.909495124257388,0.04645778181185474,-7.06010989320152,0.017633923474545017
30,966409213.346088,3.402846098,0.39415350600000004,14.056903869000001,21.725916549,1.8104091130000002,25.94011521626018,90,-7.589110400755482,0.032161656730181544,-6.929442876916358,0.016368496611225275,-7.182331088691269,0.026663941825786356,-6.524915341030124,0.01508960120755415,-10.772252118569483,0.0899554990409456,-4.7387239096432285,0.012067714894494434
31,966410092.97924,0.29302999399999996,-1.17513597,15.97884017,12.782186505999999,10.81452657,23.14436454054874,73,-9.829478120450778,0.07700816526416919,-7.258056305249239,0.023272048394756946,-10.851986675247236,0.057101244729334255,-6.645343411269276,0.025114438189362254,-16.599519334663235,0.057467306330592334,-9.042163447817051,0.03555066426754454
32,966410931.1897149,2.840524912,0.426784396,16.083900735,20.031635495,12.773861727,28.690239226580054,92,-14.945508019019817,0.030430815631497105,-7.11488213032948,0.03170650533089231,-23.1133828397095,0.05446497677608221,-7.0008046910953725,0.02381233459856343,-24.558328178841023,0.05903163568339471,-11.787270283046446,0.049171127890750954
33,966411642.324408,1.7731980090000001,0.784594715,10.410547588,8.953186149,18.842239395,23.314566878223324,88,-13.414802667600902,0.08141368730011583,-6.91072533996533,0.022398309677123075,-14.712574638668272,0.14648251286482325,-7.483193174214727,0.02145985393653841,-15.564841933537949,0.0370208890752469,-8.691636100737787,0.03560650229261935
34,966412520.1734225,2.3241679669999997,0.913681209,5.126168923,1.308099704,17.967560785,18.73024220946984,51,-6.770392538013641,0.019859435110809665,-4.562621769797348,0.011528296004378257,-7.569441676453496,0.02614736269077105,-4.588543502550116,0.01150524521915164,-5.706363685074627,0.018599935340506593,-5.304958036773327,0.014447047917239825
35,966413373.8141752,4.67776823,-0.090007491,15.277083756,13.982894988,16.267392825,26.33512311830222,85,-20.150724018520584,0.17646363430203849,-7.897123463107818,0.04068576755211385,-25.53133479730444,0.11823720946511672,-7.507498071325744,0.02879396241081745,-36.701311985283866,0.05880082113014807,-11.186046289770434,0.07700878711646177
36,966414245.4995545,1.940791011,0.266078502,6.799313173,13.432403606,16.319745767,22.203473335461,81,-10.383986047929717,0.05746008984554572,-7.268736501580316,0.025401032793045113,-15.133204787005283,0.06102139315066332,-6.662828779101745,0.025113317360848212,-11.24000308783941,0.11576692151613124,-7.780987318184639,0.0167851981356063
37,966415025.0180658,4.30198288,-0.26366201,9.722927426,17.173296412,12.395941105,23.30486608552608,74,-9.740281045925466,0.042702406796742115,-7.041583643258772,0.02959161125858084,-12.094085601428008,0.04284978241573949,-7.129709844425177,0.0218664329980892,-10.21751808523551,0.0949055154009864,-7.714799153094041,0.026177749741404705
38,966415841.154488,4.205428123,-0.10116810400000001,6.918862794,19.553953362,10.791621779000002,23.381335613400186,53,-8.8980155731815,0.014696005304553504,-6.911148419080665,0.02538869935423499,-23.659740640244735,0.01926586814878214,-7.193908456383066,0.02601667635955668,-9.178873057883777,0.042747559345347984,-5.651460492227885,0.015106501338740615
39,966416701.6392397,0.101082399,0.496083885,14.872844174,15.850065212,4.825590522,22.26459936614074,81,-8.25425997438512,0.020505249115474723,-6.3768120793630505,0.01755153542596333,-9.046257210415542,0.02854143709082227,-6.5932620926310905,0.018991873949618463,-9.406051065484695,0.07316117574840685,-6.3101858314212835,0.011362158588770642
40,966417510.4066653,3.747205019,0.40731701299999995,16.164288809000002,19.930499462,5.5371259760000004,26.252024790092648,102,-10.883223094291441,0.011073982149706714,-7.191819090255576,0.021335293524123458,-8.834450944150129,0.04553211660293201,-7.03528207146718,0.02340041394656596,-11.859011641306616,0.05035996273076384,-5.18625009213167,0.01071678427408433
41,966418394.4530078,0.021818221000000002,-1.045495987,11.00815798,8.862160422,16.373203394,21.628666598734053,61,-9.665228811253712,0.08208177157633462,-7.473819252366065,0.03183938699682704,-20.265277587132932,0.17336375251925373,-8.606382592928528,0.0306630037010059,-12.068057954146456,0.08974635554547084,-9.02296996449144,0.03185367043003712
42,966419244.982511,3.54538703,0.558755279,15.223792759,15.487314171,10.363591256,24.06293394251162,85,-10.14757178779,0.04801798375475613,-6.960870809843647,0.01742530644005314,-10.00982613129459,0.021869228297358916,-6.658015177889117,0.016098632414754566,-10.117683966689972,0.01180800983020462,-7.047546135663899,0.016979547901030796
43,966420201.458412,3.7537620069999997,0.37133160200000004,7.776630301,16.117111493,8.832223138,19.956087474142986,78,-12.203501151503744,0.05422008999066266,-7.442871130652494,0.02039294719518911,-15.903830626500424,0.06740458836469566,-7.20934264973859,0.02457510716629904,-14.501746578444376,0.019072357099495934,-6.872755579401466,0.016043495944349635
44,966420913.3284323,5.408080101,0.086412877,19.008205818,13.600644208,14.849295458,27.69099107816534,84,-21.676830394938168,0.04718295556329048,-7.453409257806587,0.028872730598380938,-14.898413999413824,0.1477237794556552,-7.694002136318219,0.03390699049831563,-41.78971657216592,0.036962359990120396,-16.359913395863757,0.20638639775543838
45,966421764.9511981,1.12560904,-0.279754907,14.44606231,15.086358794,1.055252858,20.914121939972063,73,-7.452572940627954,0.03801145261329143,-6.483311354132847,0.015187670524055381,-6.14942677584572,0.02013458091476797,-5.9210702557154775,0.0148013026717699,-6.887608572004283,0.027883771095673134,-4.58442434734279,0.010312606795374567
46,966422694.7459024,1.6556210519999999,-0.633811891,17.360083983,12.805288812,10.090093572,23.81507769769524,74,-18.953562704010263,0.1134692959081336,-8.19773168603826,0.04862979373715488,-27.616896042865672,0.07810951967276458,-9.22880400220837,0.05186621537993816,-36.17799722904246,0.058626039309186265,-9.206498425640106,0.03838898280843125
47,966423384.1048456,5.50714016,0.974905729,19.709558757,12.934748631,7.209523022999999,24.652619551722264,75,-10.125050251234967,0.08251791238514006,-7.455817714550527,0.020447046041380538,-11.39388369719634,0.04639761648454697,-6.5248696452425134,0.02633548561271213,-9.631818615218961,0.062002705032229516,-7.723238408771761,0.03667892675037059
48,966424376.8928205,1.9904179569999998,0.49544298600000003,10.983902604,13.955302182999999,12.08254709,21.479863119095292,61,-11.435753792990514,0.03890514437986217,-6.665963694443067,0.024331163788069578,-11.597767320483161,0.06390816267696466,-6.922008500447137,0.026721630066097558,-12.596665645175023,0.08858615352658455,-8.499952700907127,0.04192794309377871
49,966425050.1832511,0.648217976,0.086842343,12.072834311,14.893037647,11.21924649,22.213225575300754,86,-19.476171561833173,0.07495566275904271,-7.8316211025414875,0.03156084100290644,-18.249219166716276,0.06609978191920367,-7.937811424745125,0.033043330943190154,-17.323675240365638,0.18123538175318576,-15.015613706804105,0.051953332528067754
50,966425978.1803513,5.552133082999999,-1.20065999,10.100262987,12.621392027,15.471888604,22.376196863639862,73,-16.122281878672737,0.20730069938370227,-6.971704619279558,0.01971168845563875,-15.41407812583609,0.10436033449537503,-7.625998095808287,0.029427998176358192,-21.589373726263933,0.2549154954221343,-9.738999768254802,0.02888845814545811
51,966426780.6526382,0.45680019299999997,0.629652023,17.582375717,15.237689035999999,2.435580515,23.393570814577103,87,-8.173825801231281,0.023111460707526944,-6.5388683496307785,0.015279228045695405,-8.048572837509688,0.04107578525610666,-6.394746068655563,0.019353237834814362,-8.634582276439092,0.06142015479416534,-5.171540813023862,0.011552306947642884
52,966427546.6668217,3.086776018,-0.170943394,17.08187686,11.515120155999998,5.342162946,21.28208669771215,80,-8.221373146410206,0.02776495038826998,-6.455981589630749,0.016439141951219254,-10.532650073714978,0.047756598688101594,-7.376334309697786,0.021556753796335624,-11.196224208440244,0.04010863383674513,-6.717938538598636,0.01399387509441821
53,966428422.8576909,5.364758015,-0.408536911,8.900135204,14.775439551,13.551168725,21.93536401312167,88,-18.234254919434857,0.09851759408387893,-9.17746051501387,0.04641610569385095,-18.13984182574059,0.1097853363038034,-8.543996040820904,0.031817409831008364,-19.507998797409826,0.10750463546765517,,
54,966429320.0472957,4.422707081,1.238306999,12.973996687,10.285023225,10.936234680999998,19.842064453352215,60,-9.315688592027398,0.05289937405713661,-6.191680617016334,0.021952949888423688,-12.824482157773687,0.041858944362855775,-6.028111952850718,0.017708711218062695,-16.946668760163526,0.05896177165379285,-8.635635659970644,0.03595845819320917
55,966430110.974127,5.577914237999999,0.062570147,8.023542945,12.095977038,14.07250644,20.216956729387437,67,-13.52572571389409,0.13983515687662254,-7.037364732162798,0.01965028103855762,-14.037864063967666,0.06808966846318848,-7.319739309403776,0.022275505740379523,-13.771778503800007,0.09430309965014072,-8.805900776330553,0.03064425223570168
56,966431019.6399208,3.894028902,0.08627588300000001,17.805771675,17.603318492,12.653890116,28.054291328437152,87,-13.024673196693216,0.14201093271938384,-7.151794500062959,0.023436742990051985,-27.296097592056263,0.046565214192467244,-8.137290919210109,0.0379826479291111,-24.49623237986633,0.08006068284440714,-11.017838473956441,0.036041442876411194
57,966431803.0623486,1.2784600259999999,0.8646892909999999,21.191565699,19.477562174000003,4.413441221,29.119346634639506,89,-8.158279584505555,0.02461624362277564,-6.561645868986278,0.02123275496277274,-8.544128052920085,0.03248121991927234,-6.668030898142171,0.021388625889911455,-8.071313586998537,0.04941900043206334,-5.009018217664364,0.011756917155305352
58,966432638.7037562,5.7467060089999995,0.882754922,21.579119034,8.633498835,7.764413553,24.504730119703368,82,-8.655768419418756,0.053295353423032515,-7.047602573354893,0.024888578713834774,-15.206360119571741,0.07529627126265892,-7.148596287370587,0.019672108909345568,-10.930655507880081,0.02835632076802252,-6.983576965753245,0.018737448273088944
59,966433590.7686573,5.017643929,1.058632016,13.474486963,10.978957867,9.11561295,19.626352544872567,76,-11.762262901210496,0.06743874123582418,-7.624603699413882,0.026821347682484644,-16.682972941748382,0.044612750804468325,-7.366831994742119,0.02516538818801587,-11.739614749426135,0.10901258022904009,-9.187304479400813,0.028037309279806317
60,966434391.8076493,2.200952053,0.330538899,11.402645472,18.362502832,8.416441406,23.19565304008407,73,-10.963826636660807,0.025674228713483002,-6.5914463307735955,0.022774852425002996,-12.626682116043995,0.10334382274388304,-6.4151724340633445,0.02115891462543533,-10.174738337957232,0.06975258159867935,-7.538723549521855,0.02588623180146002
61,966435192.5465316,4.91078186,-0.210392594,12.823881874000001,16.966168805,5.6307569729999996,22.000187597542183,71,-7.665141517134113,0.03718327727243035,-5.988259045168514,0.014755336412513654,-7.82583087080502,0.03902205638795479,-5.9908679663902005,0.019818213395822324,-7.2765495307640675,0.03444126173186018,-4.867276202042735,0.011500574196128698
62,966435923.3286929,2.550282955,-0.38860610100000004,7.480374573,16.651400047,8.374589526,20.083796379335393,66,-15.682229462692613,0.05762153939460949,-8.682662433994295,0.04919071489918373,-19.76557468100079,0.05944060840725075,-8.386702378405102,0.021581926876286225,-15.766677775242043,0.06225877281803712,-7.423477269746765,0.032556853333631806
63,966436750.58512,5.524411201,-0.889311075,15.962994624,17.55551561,10.215768226,25.833606913208182,68,-13.093461512000387,0.024065904355584204,-6.720102727703517,0.019745629049886776,-12.747919168298546,0.2271005296673635,-6.724763615422649,0.024766502707549133,-15.0283593581879,0.07556659493686438,-9.185021295254986,0.03849715063244597
64,966437685.6885507,2.916286945,-0.27644360100000004,13.241746582000001,11.61783003,19.29136525,26.124214827565364,81,-10.497571691190196,0.06136894393428935,-8.517169303487123,0.027784055213184097,-28.153113271277892,0.06255339671502709,-9.346433582321824,0.0831113548229047,-17.72141601910101,0.050826593663200824,-9.129118018019614,0.04034620757231876
65,966438488.7023937,3.344053984,-1.047121048,18.854798719,14.314297162999999,8.325715684,25.09422402975389,88,-10.455585327744135,0.10347591959939086,-8.26639299955187,0.03610153830780937,-15.11307730712343,0.03745606397028021,-6.940718709763628,0.02585085264363009,-12.672921019105814,0.11631358012959832,-8.808286557614037,0.03949868546787721
66,966439349.1656429,3.798664093,-0.71726352,17.877507251,11.243999566,4.54466609,21.602934560363824,75,-7.437737569542563,0.03267916702710737,-5.9804962850078995,0.01739870323754555,-7.457747461715035,0.02256936679247998,-6.053190026950892,0.01574253295212341,-7.365367749489768,0.02680686051798444,-5.2539135627159395,0.010972478673552747
67,966440200.0348392,0.879197001,-0.587677896,7.475373897000001,9.560994876,18.060658289000003,21.759623520430488,77,-9.290628570402243,0.04368401599814506,-6.306527657604881,0.015120735413528165,-15.066233912108142,0.05760025842995981,-6.708420501930829,0.017989464816245908,-11.911743314918821,0.029917923881105757,-7.9088028167879045,0.016839497795988655
68,966440975.5751549,5.82459116,-1.1225420240000001,13.334560068,12.49133596,7.797980164,19.865861695653344,61,-10.86385552659921,0.023214342387459196,-5.817197731472224,0.01904552619977474,-10.877095494731586,0.045942220373638584,-6.294908459971298,0.020801569551373817,-13.060575080236784,0.07358525746500726,-8.199499659019402,0.03993763428362168
69,966441923.8422563,2.3973290919999997,1.053797007,14.656881225,14.22200008,7.395555412999999,21.720582252463473,69,-10.74517811433891,0.02133508758565811,-6.50691749504909,0.02015316256303704,-11.822864578569735,0.05974404320562271,-7.197272959443231,0.02015469159749842,-12.261738120116052,0.04246121724985314,-6.851285704278145,0.021580323254523463
70,966442770.8774732,2.523857117,-0.38844299299999996,12.320571819000001,16.495362253,2.649647681,20.758470527432,74,-7.879656035723954,0.05085935214255157,-6.348792393347891,0.01635638824631046,-7.710811015689081,0.01985488134116035,-6.086269806734841,0.0211815397469195,-10.86047935847003,0.04683806104864291,-4.666810429193326,0.011610528464425654
71,966443508.0463868,3.6999430660000003,0.1888403,15.487288887,15.776938,17.653639438,28.29167501460715,93,-11.766583432168742,0.04084240044445623,-7.415996360563563,0.02532131153582733,-14.108432806885052,0.05465262735233539,-7.4997119310237155,0.027207572066414134,-27.238160390760488,0.15640647317993014,-10.947779483715266,0.057890060449960506
72,966444391.1877311,3.148665905,-0.018948911000000002,4.819524073,20.868460377,10.980247257,24.068366804199687,75,-9.31318310946718,0.04826104427782665,-7.494061713601032,0.03333359591885055,-28.175338716291574,0.04926069639976162,-7.494166190797239,0.0247227967833453,-11.583638042103429,0.12534928643977786,-5.684732589390126,0.011924609282103158
73,966445136.1558515,2.91022706,0.986872315,10.799348052000001,14.116162327,10.098271359,20.441796438435883,62,-16.351361166333433,0.021798931318696688,-6.910300107293375,0.024631693873497836,-10.642038693953284,0.093970722558987,-6.895327230325222,0.02358770675750531,-14.504026954341825,0.046118318757910434,-8.0261742896425,0.030596226929450365
74,966446074.2363958,5.836676121,0.469634801,13.768475168,17.245230375,4.5411267539999995,22.529773885561962,70,-8.354147832482823,0.06254198497396643,-6.924680630606884,0.018538372429253863,-8.43464114057317,0.03401714021856825,-6.152090279294614,0.017805090175046938,-8.051063313669834,0.043811247692159355,-5.834497040280228,0.009453138279462597
75,966446977.0969534,4.192680836,-0.48448750399999996,20.130542495,10.289218071,9.109029742999999,24.373780431325223,70,-8.58417025109146,0.02467068679408854,-6.757266571102345,0.016295775378416578,-11.637555068237612,0.04471550878791648,-6.29307558608805,0.021247257862411467,-12.752112937149846,0.036963673855798025,-8.630554505738056,0.05845540958680601
76,966447768.7731642,4.558440208,-1.159067035,20.553566633,15.795198355999998,6.557492333,26.738326390032523,68,-11.068578961499648,0.04278601093938469,-7.003551829443141,0.024295861482394123,-10.85418602556646,0.06495916656249173,-6.683943867513408,0.022752692767925003,-14.143716911321233,0.09310632129528462,-8.376136887406394,0.051611307253227046
77,966448645.5620782,0.469430894,-0.46871641299999994,14.232293637,6.6301842639999995,19.059097510999997,24.693455073727336,73,-15.627821667661422,0.07895246039617175,-7.971740856340719,0.03542541375483816,-19.793205910298575,0.04660415504687342,-8.79062263703994,0.03941438311819336,-15.764469477368488,0.1430178915661185,-10.28314513704758,0.10371896882186976
78,966449438.7522944,4.689691067,-0.311218113,18.568176739000002,13.911171869,7.162313735,24.28161090657223,76,-11.285913562658067,0.027292841699025256,-7.175007809895146,0.01847316483639466,-13.078176631515593,0.060556939008574444,-7.294090209029265,0.02236922705164561,-11.104808592994726,0.051380292032784124,-8.732705264105709,0.01836245440351548
79,966450319.3602328,3.36696291,0.09627593300000001,10.34290971,21.224668886,7.522010562999999,24.77989090975649,83,-8.761468330100945,0.032407251565033386,-6.87677483744009,0.016446652550967045,-11.662684646415016,0.04130284742382039,-6.660311583795135,0.02153956219654647,-9.339243093140238,0.04927888303084065,-6.157980178666471,0.012807149741569046
80,966451034.2388333,5.059707165,1.4075319769999999,13.933471079,11.031962665,11.856068221,21.363805143566758,77,-9.962394588714043,0.07667922058301128,-6.515745734905795,0.024155132971277245,-10.222793433144897,0.08878082386853521,-6.792116077928536,0.029896093069838613,-20.214177590280823,0.03943409825317537,-10.020611768173108,0.06007077098941681
81,966451879.950648,3.473279953,0.650047183,11.174066455999998,15.086370387,9.095321026,20.861044968621602,62,-10.019668001181342,0.05302524955763303,-6.613234189853261,0.01856462925518681,-11.141640954978795,0.04284680211906898,-6.740842735524322,0.018188731014200227,-11.390890272238549,0.03940326548661482,-6.369966256826125,0.0250134631520814
82,966452710.8255734,1.34484899,-1.18552494,14.95728339,12.195812056,17.120532134,25.798658466388744,82,-12.695996015386825,0.04848435544824626,-7.635907063925035,0.02358209999391951,-24.064822330511152,0.07714007143836772,-8.42263038153629,0.038475614980505245,-21.034586208140293,0.042520882892331066,-9.190985833722072,0.10504376640058037
83,966453658.1423149,5.044246197,-0.9346209759999999,18.959226181,13.171041314000002,3.408390077,23.335503199939847,100,-8.483112347701859,0.029080688190248893,-6.412186751657594,0.017750159580565285,-10.147818470178594,0.02365656297184197,-6.726026118742604,0.02027013296868787,-9.247412969813611,0.04321679313139487,-5.363265548834622,0.011418073979676823
84,966454383.6048882,3.8035979269999998,0.157894894,8.118257144,19.874825916,10.080136147000001,23.717587334918118,81,-9.713869159545764,0.02618474984506183,-7.514097434316568,0.03203935644986611,-25.24855732467019,0.06576449651068572,-7.222608145837363,0.025677834613688912,-9.355025948178374,0.03194214907951227,-6.6315253140123716,0.019118642277304355
85,966455229.2924796,2.7013568880000003,0.863999486,22.26919997,20.419942353,4.170639049,30.500582667889063,95,-7.395121054648997,0.018840462902581342,-6.486114591064361,0.01561431975181414,-7.783699160674363,0.02507448476116773,-6.5705293684133155,0.018101962100579,-7.82811816842235,0.0417325560536116,-4.959786565355945,0.011125411868637906
86,966456099.4149297,2.811041117,0.179113999,11.457248945,15.117180832,7.519934465,20.40458585840415,78,-8.459978672834644,0.014081033200500758,-6.231464785393764,0.020561881104494063,-7.9994733382015415,0.02898265726225584,-6.314091928310912,0.018480954485270852,-8.684424761721628,0.04465100320243978,-6.304042665177178,0.013812451494572917
87,966456966.6938748,3.993596077,0.612660825,14.161799268,17.82805404,5.8887703039999995,23.517518684026978,89,-7.820764451577812,0.02411437162472892,-6.170968858700654,0.013929408348466076,-8.380806159420711,0.01958676637753945,-6.203046406569951,0.016304616706354674,-7.632402618052951,0.032060968340793826,-4.502322429256292,0.011279075845058623
88,966457725.5504688,6.096737862,-0.35198909,20.29059572,18.591378034,10.771985757000001,29.55305887762874,83,-17.889716140193272,0.13392164938838264,-6.950178486778695,0.02960486311024116,-23.69498742850924,0.04202469149791377,-7.961757668036343,0.034426309945993626,-22.891601039173604,0.08421400740655118,-12.097004033821193,0.13399256513072524
89,966458579.2437928,5.840044022000001,-0.161384702,16.383850275,21.896126486999997,6.774221367999999,28.173764038746903,84,-7.968593478542355,0.03715742347424833,-6.245819806681479,0.023636129958891434,-8.640729416714532,0.033382314446893054,-6.603904046665209,0.022981381391495484,-8.785239632601813,0.062055553075412676,-6.4808959789445515,0.013012571749369947
90,966459394.1102189,4.415417194,0.530649424,14.245941504000001,17.26837388,12.228747868,25.508544847050185,97,-16.819360853113295,0.058928018099872484,-7.053267593993893,0.028041556876996755,-15.572851895231647,0.0867878475426772,-7.656749670637731,0.027285679160756825,-23.55674607801788,0.07403927748437805,-11.084272058343757,0.06296574115290282
91,966460209.4674445,4.611529827,-0.551486313,14.868887624000001,5.522784972,11.318059121,19.48546728432605,74,-9.633526658118353,0.052855095997650064,-7.113609552132563,0.02081244611887759,-10.388852441041857,0.08704429532698177,-6.844976262545288,0.020624618046536505,-11.643795345056505,0.043227962495123874,-9.131063770898766,0.037011570162812056
92,966461173.0153859,3.499650002,-0.234428197,13.821500427,17.655425186,6.710651896,23.404716649028092,88,-9.957615406995853,0.05219091258319667,-7.010561005076263,0.015473852765407683,-13.644709843981586,0.0317196427693171,-7.429137553966058,0.01679972223721188,-12.703980539650905,0.039304638981686305,-6.096608651881392,0.013757102374415495
93,966461860.8809127,2.233896971,-0.527740598,9.280758545,10.779854775999999,14.402321622999999,20.242643510534236,59,-9.460290159052663,0.03224876023865022,-5.839572044953913,0.017871768929152352,-15.351949386367975,0.04902959314219192,-6.494963439682439,0.020193719457489157,-13.222240453247998,0.08218438366282702,-10.64840512507942,0.08226466405891765
94,966462826.3137631,4.577453136,-0.482381403,15.900339115,12.196073007999999,11.335764637999999,23.02313055856211,74,-11.800640965880147,0.13437661581031873,-7.689059801640052,0.031733267745620845,-20.249493512707677,0.0880423751784019,-7.945956882748606,0.03182582434603839,-23.19281378901895,0.05956257342482142,-9.207131299199744,0.05827347687169641
95,966463541.1546702,3.227312088,-0.09027519099999999,12.388938542,14.122388040999999,7.884438805,20.373807141715627,52,-8.129557694423541,0.022847162431994358,-5.707477857343223,0.014813816579953594,-9.043457123819866,0.0140937178407664,-6.334679736670247,0.01775636695565004,-8.717465684909074,0.025687866360191693,-4.7573046187863905,0.010086710946599528
96,966464367.1004369,2.95332408,0.49938881399999996,17.522594852,14.554306045999999,2.414870342,22.90634745210681,95,-7.815285192829126,0.03532917583721985,-6.039053825206435,0.013441745631201513,-7.7253254866235705,0.020909488896635336,-6.06641503806031,0.01574500417086054,-7.983377807455142,0.03081647912626756,-4.469339659774153,0.009974639580779167
97,966465299.348835,2.977641106,0.281923413,18.030952240999998,15.938839732,5.822275451,24.760063451997087,81,-8.248134126385263,0.035368050137426124,-6.503217930050716,0.01530567348936446,-8.284999010665397,0.033028864880725387,-6.461315208295947,0.023380106235980608,-8.776188389324233,0.04511468182533271,-5.649076445099633,0.010663998052354202
98,966466087.3538438,3.41188097,-0.325450808,11.867453309000002,16.215368061,8.705408138,21.898829654667633,74,-9.32429909671352,0.042254383789065986,-6.623459783138466,0.019359678264292312,-15.233237909456104,0.029587008062648856,-6.825352011045866,0.02715546170424808,-14.644206639803807,0.07009048645455489,-7.410677634643034,0.03552301764339792
99,966466987.3090056,2.509705067,1.025519013,18.625059114000003,12.520536625,6.201187807,23.283285734527386,72,-9.725609684867873,0.02699140809814944,-6.687288668425881,0.01961319241975916,-9.771976786461437,0.07492411463323864,-6.193766595011312,0.01905618354307003,-10.109013985933267,0.04856657955183553,-6.924413688781073,0.01629879721468331
100,966467777.9735888,0.164449006,0.8864979740000001,4.028519869,3.929773088,18.176429619,19.02773456175373,73,-7.185910684711302,0.02663177013328376,-5.022771657454034,0.012985776822977949,-8.812564631069648,0.03254424253298319,-4.892027235372201,0.012188427786739125,-6.670797670786256,0.013894973095568542,-5.6930025327986975,0.014314006949545429
101,966468608.6938579,6.100152016,0.110350899,12.775204115,11.618498183,10.136228471,20.02344795045544,82,-8.321993116120378,0.03930746582179147,-6.002080997901301,0.019649810618112003,-14.314884016490211,0.03885541377697853,-6.980401882632673,0.022892812158007297,-14.722387082837491,0.03485261379339455,-8.44496222583089,0.034726826284209075
102,966469394.2662328,5.989507197999999,0.956884086,8.865100807000001,6.675623053,15.008251404000001,18.665518092720735,67,-12.827945782813707,0.10292530578813022,-7.3984083799281954,0.021898481861096275,-15.632487512603136,0.08978857489594835,-7.17987736682641,0.02205168754366023,-14.666368060124165,0.049588982097988385,-8.406165582118044,0.02278970721206544
103,966470371.6829549,6.190576077,0.583625197,9.129193326000001,9.392884652000001,16.997353657,21.458762410968426,74,-11.542051597099789,0.053553614521731296,-6.349770999798525,0.01944196593513933,-19.872209176360062,0.0679376494663607,-6.72862313543224,0.021337749176980905,-16.090790690777933,0.05209911415431764,-12.308026970104958,0.057694863720061836
104,966471238.9970069,1.875733972,1.215893984,13.400020629,12.539214406,8.323585309,20.151290856256928,67,-8.746877488316734,0.0403677881391014,-6.066599491406379,0.015339962673058878,-8.052832794487271,0.04098507034880998,-5.659967637866589,0.019143655104752452,-8.492159449731695,0.036000597618698775,-7.955108870831439,0.026099452822537776
105,966472016.9955491,4.078219891,-0.41339018899999996,7.784705907999999,3.612761505,17.16707881,19.192766518530124,58,-9.432598909032919,0.03401898497509036,-5.6485980031621015,0.012537584048013174,-12.508822232088422,0.08562346398817564,-5.585600378702927,0.014588665131942506,-9.008446701910648,0.02584223515402655,-7.729132249524209,0.018144163886057343
106,966472873.3556743,4.395013809,0.456999511,14.582600541,16.987977234000002,5.657334633,23.0921857820133,75,-8.483526966217898,0.04373301688080351,-6.583462484542891,0.016130964378982583,-8.45150532951244,0.030369070025914564,-6.331407968147138,0.016139157185858025,-8.368676063952789,0.02733167898537758,-4.895476807829838,0.011054411637676873
107,966473697.5591412,2.7623000139999996,-0.133931905,15.447008749,15.927265395,17.574715748,28.304743345903105,82,-13.666777584952834,0.12156679927073862,-7.320558145051816,0.03722283591917177,-20.634140815720954,0.17798429741669797,-6.573192477980511,0.025216458207360033,-29.39075003133137,0.1115113039667569,-11.365147450317,0.09045425893707122
108,966474482.6405213,1.690603018,-0.377988189,13.086741754,17.736812937,5.596847672000001,22.741636853172846,75,-8.980186944456259,0.027247550934456313,-6.366820105210823,0.01674457201736617,-8.887363230352763,0.039180070453497265,-6.645366631893589,0.020448452543142998,-8.56359821392761,0.04017036430547499,-6.552733825016787,0.010074760508618205
109,966475436.7628914,0.630061984,-0.275971115,17.349885496,17.8002438,6.463111702999999,25.683438612249823,91,-9.798395355329307,0.09073855663607164,-6.920769498612871,0.021853602441250383,-12.788739272074857,0.05820231301800119,-7.974129449343889,0.022944315127919186,-12.864956157226201,0.059097100812589905,-7.646438176289181,0.020498061564153392
110,966476225.3396488,1.9462130069999999,0.28880780899999997,15.499704497,20.339219865,1.0506707929999999,25.59352678562288,73,-7.612348050490235,0.03032294563649266,-6.646999049561129,0.015756222017548692,-7.040970773631869,0.03215029250508765,-5.872870244287608,0.01957032176597184,-8.145953900442452,0.040992242476172926,-4.553391446483874,0.011804520232655857
111,966477083.0038755,0.189787105,0.241342098,5.481445285,11.971357862,18.452922114,22.668700580709697,85,-11.769532326396076,0.025340061392259493,-6.968902519065336,0.026792759376791913,-11.57875440618107,0.05138039838249918,-6.790083779246596,0.01670517236691739,-11.118697869275005,0.04516961381395951,-7.039418151942557,0.013411652047998778
112,966477821.0622933,3.92130208,0.918772101,17.194599041,13.639797675,2.532076624,22.09320549004831,88,-8.170503830555763,0.03307152863530983,-6.216429715800584,0.01879548971385978,-8.539553323963085,0.032603889400020146,-6.701658244714134,0.01507898860647962,-8.552630783339794,0.043362252232677694,-5.541072960975847,0.010479783585416177
113,966478634.0402684,5.825509071,-0.372508794,16.277468512000002,10.194694166,15.817802875,24.88153247068565,79,-11.636672535554684,0.09998510292836855,-8.82342431839612,0.0394330255734705,-16.222315689141517,0.12665965871710957,-9.823846275311105,0.03671170730349325,-17.909918261860653,0.07687829131409907,-9.391940153287198,0.04806897965792963
114,966479560.3408769,4.917521954,0.8849685190000001,14.834000408,14.960590063,5.575312956,21.79336912216695,81,-7.919920244838625,0.027107382931037746,-6.278263912002859,0.018961284189745988,-8.296110643063818,0.03686655567207292,-6.563089869935228,0.019067475705492665,-8.800810538960613,0.053548693454347894,-6.718578255045701,0.009991561289065422
115,966480348.6438109,5.050005913,0.8816127779999999,14.86490546,15.899762470999999,10.84533052,24.318492039125314,91,-13.813497292527314,0.022203042711827943,-6.809434379430397,0.022192616802452058,-13.80310545253937,0.07853808449327057,-7.478123383209469,0.030917770702759854,-16.366533050010357,0.053491102463684534,-8.45729359486474,0.047109622464890324
116,966481132.8549422,1.146350026,1.1840909720000001,10.524609142000001,7.564347797999999,14.053951375999999,19.118062257455637,56,-9.436906391582083,0.04181056217038726,-6.454963645628938,0.017706202602214366,-15.98623268741154,0.03794517682826883,-6.8194243121989135,0.02172659996168743,-16.11299911915658,0.06773408939936822,-9.667008718658588,0.041897165350640836
117,966482049.910158,4.293917179,0.045552749000000003,14.510055698,13.133109317,7.520835152999999,20.96624043766395,72,-8.160497256560014,0.054325735527618255,-5.9739900383468845,0.020701427733934803,-12.016661771180797,0.037221326160072565,-6.715509023188875,0.024814636158240835,-10.12702316056613,0.04245860060686722,-7.317375106159898,0.023344422708357727
118,966482815.0767264,5.9163661,-0.870675325,14.507300292,11.435915464,7.85138936,20.072026283968913,75,-8.34651415285809,0.057628572943422995,-6.875803355306894,0.02392925575253019,-9.209851195595734,0.10304287797320574,-6.146388196163566,0.018540739522777468,-10.680352973544416,0.03593120669286243,-7.958119715365777,0.024288784632108942
119,966483688.4518557,4.229990005,0.42198669899999997,17.499017134000002,11.365540567,3.2384850689999998,21.115844728030282,94,-8.097234275773744,0.025314327189962793,-5.805563600510593,0.016864763501101308,-8.15471121950201,0.03037691685410437,-5.852708798698415,0.01674714915149606,-7.89291141025979,0.03458950330035208,-4.39954742896229,0.0107229789607441
120,966484526.6208398,1.267366052,0.721895397,1.7997436130000002,4.867816624,16.95217272,17.7288148415549,70,-6.939661105756963,0.026226970615669122,-5.142791113659935,0.012695079968774406,-8.782950434630012,0.019250521419595438,-4.683219569715777,0.011979256992440226,-6.153332878811015,0.016139799220770103,-5.355256876690921,0.012952895974403139
121,966485420.0546067,2.875614882,1.114907026,19.543249745,15.577075629000001,11.859264841,27.662719647858328,76,-11.008820908037642,0.16268666073366037,-8.176669382533703,0.04457310560501247,-18.429799586391788,0.08994382842159417,-6.9371596618166285,0.028160394200774087,-24.095068487526405,0.0648410846728831,-10.718818606464504,0.058657653179980854
122,966486300.5334415,3.0788409710000004,0.999722421,14.755589375,11.29657488,8.121474112000001,20.280492192620624,67,-8.331732418750093,0.03446960431075518,-7.2472014951068635,0.030999974142859467,-8.67301215871156,0.03699330294840103,-6.0089738872198515,0.01812298459312166,-11.147082214444124,0.03072435516438605,-8.352543712338054,0.019979643709033285
123,966486984.8659459,3.798614979,1.053156018,22.630438378,15.534127979,8.893071864,28.853641025469805,92,-10.107664858497984,0.1086706989450377,-7.179934275311616,0.017322180190629703,-9.790350622954223,0.05566707459385102,-6.811110924536712,0.02090554781550112,-12.32652197991877,0.05875393164353916,-7.793494649438655,0.023617873311523256
124,966487965.6237987,2.594747066,-0.438293904,17.638916682999998,22.571622600999998,8.331120947999999,29.83315445677835,95,-9.709224753262847,0.07575964393275851,-7.236811773383318,0.02165861005554789,-11.021598139524992,0.0704013050912984,-7.463281565038387,0.021633559595934927,-11.686905578288343,0.0633706051373235,-6.644366982454497,0.018953263254643717
125,966488791.8541216,5.776751995,-0.158280998,12.82144964,19.60212527,6.076143227999999,24.198190066593803,95,-11.183277561512606,0.04495583435246864,-7.77610104898789,0.031796329116067806,-11.331371099718627,0.04107213356832544,-7.730222403624314,0.02247693063891544,-12.980747907427242,0.09304350240030444,-6.528217062918698,0.011300371731324338
126,966489485.9428358,6.20639801,-0.660772681,14.934970067,13.049993419000002,6.252914996,20.795542913935453,52,-9.623804440810863,0.04869085581491088,-6.483334526301885,0.021645614431070128,-8.075742040089708,0.03015556975662025,-6.03730643975766,0.015933417817612275,-9.619387973280626,0.0510964781489223,-4.915715214182068,0.009985227317575736
127,966490417.8095952,1.990710974,-1.1157950159999999,19.518544967,16.573919212,5.543718553,26.199259742778615,105,-11.366127559691632,0.021927251279424662,-7.1231140667389425,0.02573203731039763,-11.360274366457208,0.030886616395411636,-7.617005929898746,0.020553265046372605,-12.457331818827551,0.055428932462464775,-7.581030891964452,0.01217886905157007
128,966491255.6655059,1.63975203,-0.644807279,18.314555133,13.85667957,1.503420133,23.01501185143431,65,-7.482887862235264,0.019928204870650168,-5.916581382136199,0.017356362406004775,-7.7858245902019805,0.023512416664418948,-6.072835204766118,0.019972346831032977,-7.8033150030846326,0.040498307033707825,-4.407272865078214,0.011194798019487803
129,966492093.4685117,3.459466934,-1.213981032,5.736278565,11.280842519,14.337013042,19.123604332871846,72,-12.108761584958835,0.1173657023524579,-6.88274674900539,0.02174016618301162,-17.216276214550025,0.040118073232216174,-7.150051247507389,0.021027869286534134,-13.367747192928318,0.04849536663621471,-7.446423569146087,0.014171620893740152
130,966492996.5494275,3.763412952,0.305658489,10.995508255999999,11.443028754,14.673999222,21.614124133073066,82,-11.32172878520731,0.07866978169844588,-8.702539537098055,0.040728713193589096,-36.20178312266925,0.058028330721606736,-9.783840377266996,0.0489812974759991,-23.394094775352375,0.07467829244782107,-10.083502339616109,0.04685568276942571
131,966493741.9519181,1.877864957,0.249127805,10.966930225,11.820807954000001,11.541769907,19.82971285297644,76,-8.407318622379224,0.033574307532094505,-6.791804700896056,0.029085520903633803,-19.852657922548932,0.04610532152054308,-9.357336543265133,0.03714677323839418,-15.312376910235304,0.03452748063892186,-7.655752968778269,0.028434685165111433
132,966494664.1195288,1.453856945,0.975162089,9.669912548,7.628899809,14.488616889000001,19.016501790233242,77,-12.915120406443934,0.058148542726060966,-6.070124676939032,0.023331198092290208,-15.958332275758748,0.07647256570875244,-7.136354025836771,0.023358129358667695,-15.467588293952145,0.031681366311115525,-10.598899442620468,0.029079724449520363
133,966495366.6819708,0.7850949759999999,-0.8217856290000001,17.947801785,11.819873939,9.531795447,23.509320136723446,83,-9.733080425947453,0.023880049444811768,-7.781609794050078,0.03576437480915282,-10.424436317131391,0.0718664380794992,-6.277589753120578,0.023869545943421135,-11.12568401763467,0.09302088918908204,-8.25063280923574,0.03762082585159494
134,966496190.7463008,1.8427430390000001,0.973335803,11.866255853,12.085053587,15.634305219000002,23.049686502214495,76,-17.575066404314153,0.0569988359902284,-6.415759615483199,0.02052357455319018,-19.49606563942187,0.06549157471193733,-7.0063655499168735,0.019548514796634994,-28.841938349765943,0.1976244091222569,-14.673751903392318,0.16848084940904554
135,966497113.5732387,4.453083992,0.21492010399999997,15.931980449000001,6.684175045,12.533121387000001,21.34444491573383,79,-16.306903651076038,0.06775769134097992,-6.755664937523088,0.02103570813976629,-15.976283739824364,0.04822992732958174,-6.597266406472272,0.021071605619166073,-11.994555294714628,0.1135132819684748,-9.3937706683751,0.044215257466601286
136,966498007.5125188,5.66384697,0.698318422,14.909266644,15.438711290999999,5.419830287999999,22.13627336611707,74,-7.574227323591711,0.017811240095877937,-6.411240651923459,0.01423465884133905,-7.400891407789225,0.0335264791996478,-5.946093776351022,0.018905645117585773,-8.25679671785982,0.025165952411133445,-5.196352961745827,0.010807704584660818
137,966498847.8415098,3.911570072,0.787592828,14.833151903,12.229015365999999,7.832042094,20.758422280161962,90,-9.073616950648294,0.06083593512072461,-7.378950846526921,0.03158557528055385,-7.685266856273116,0.027418718339665662,-6.3710902078162475,0.01893683553172177,-10.421500933992174,0.06567916444834006,-6.471164984680794,0.011785447978316441
138,966499712.8599964,6.091360092,0.1085236,19.351632854,21.374884113,8.287055426,30.00077753315384,93,-9.664455411205772,0.05530781568937539,-6.959844450327049,0.02300075180400108,-11.310763324313745,0.06395598988535557,-7.65983235193011,0.031032226312468113,-13.234754642175135,0.059152817701202266,-8.352763771838976,0.02621974836306309
139,966500529.4975357,2.876631021,0.5500385760000001,9.168764782,12.285070783,12.524325035,19.795149136929773,72,-27.002728159602302,0.06884317517344543,-6.646074563123042,0.02566289931401263,-32.759093449152346,0.04432116657732617,-7.4347672035341095,0.023245970801243455,-21.970636465634136,0.12804910146190868,-9.539622109822433,0.026771800236817994
140,966501316.5649843,4.715135098,1.0071870090000001,15.911534075999999,11.464493377,7.17546413,20.882978966706418,55,-9.114545666075172,0.022421801325034314,-6.462011385022422,0.0267709367450073,-9.41502893915215,0.024752901187110984,-6.353634048195158,0.01573175845442158,-8.947421562876187,0.032874740688085574,-6.0819362702934505,0.013013679368087927
141,966502051.8231368,5.70123291,0.408743113,16.962653519,17.780355555,4.965771686,25.07053143643632,90,-10.48764038795647,0.037235796827267874,-6.838514210432032,0.02239759395228395,-12.756003134688697,0.02698163561680664,-7.65279014312442,0.024407921306764592,-12.643063615083623,0.07724678481350948,-8.040119472851435,0.01804117239430177
142,966502874.7603632,0.37530410299999994,-0.8115394709999999,9.591935551,12.468718792999999,11.149741895,19.28188062089814,49,-9.213843312326498,0.04892686688716882,-6.341709981131047,0.023509529134633844,-15.924413480247226,0.07134821272231108,-6.164094664212315,0.025534394036760978,-12.446716542651311,0.057222561012359445,-8.140582799080166,0.02777198895652368
143,966503756.5902172,5.294123173,-0.058596040999999995,13.782124075999999,11.45432669,9.708522443,20.38146098771479,69,-9.606921956042125,0.07453862655649343,-6.358371939833727,0.02156358341401621,-10.688281223391948,0.06990443902356723,-6.295173806783215,0.022580386435075896,-15.18325518267417,0.06816494968545668,-10.209076801184993,0.06601945755461695
144,966504712.1828848,6.000189781,0.064191788,8.988506373,19.598763021,6.32512129,22.470245172315988,88,-12.363026235848299,0.11630608798848527,-7.527311569228485,0.02185010036910228,-14.762908525869818,0.0690762683141169,-7.535871912486201,0.02415304411329659,-8.058390515040582,0.029550053817761834,-7.212377439546035,0.025915912279051545
145,966505437.7885923,3.1328880789999998,0.283238888,14.648481410999999,18.29194526,13.383141088,26.986695507686058,82,-12.090379519722998,0.08544144111084502,-7.042866858510162,0.02895141700169849,-37.98446722130458,0.07606305613678371,-7.993523397252239,0.046426982557322964,-19.889521251799863,0.09741527750297313,-9.633143830308416,0.05948445812843334
146,966506252.3000045,5.168163776,0.132759005,13.011600925,7.862636693,12.289190225,19.548580786947333,77,-16.805565105004714,0.06720912257056307,-7.0492482912115495,0.020791962129447557,-12.024293764326824,0.11132738802854819,-6.712811782635656,0.018582270723698145,-14.564851580327293,0.057539526166908064,-8.30308660924323,0.03489189333498034
147,966507175.1221336,1.6645900009999999,-0.12327390199999999,3.234346375,12.236716892999999,13.518556343,18.518898519938293,69,-8.949046739334447,0.0431961622233332,-6.589599413185874,0.018457619454852598,-14.5624297963292,0.06833853467921583,-6.375737324185202,0.019568464510856174,-12.318439214041609,0.07280337675440972,-5.4949548413629605,0.012966540339847713
148,966507937.6791332,3.168452978,-1.039798021,15.888263552,13.312526435999999,3.590184535,21.03686535114877,85,-8.487597363708224,0.025380678975386678,-6.460005259873706,0.017695632353234896,-9.132213200975777,0.035084598938855904,-6.6367841990860565,0.019366930010248223,-8.703188362228195,0.027673608172609446,-5.227457824470079,0.011584336848130558
149,966508835.728827,0.12961819800000002,-0.895054281,6.054673534,4.932307338,19.093997701,20.629286838996688,70,-9.403933861404623,0.05255261826087711,-6.265910877618915,0.019756930777131036,-14.440283247458593,0.04095569365339953,-6.4658080819841945,0.01259097547186902,-9.294943820387564,0.02749840766743835,-7.720784134031348,0.0215695447355267
150,966509675.8955742,5.446939945,-0.50918901,10.220026297999999,10.641623352,12.632844197999999,19.423744171209254,62,-10.742169752306351,0.03761175260592952,-7.05471096263946,0.027174695210454815,-12.882516849087107,0.03863761825244307,-7.664652972334893,0.02968362652010827,-16.962866481202024,0.07787609626852533,-9.707852451324015,0.039482451572115745
151,966510443.1285728,2.603339911,-0.050794389,14.159462590999999,10.721043911,10.828004480999999,20.80088566499212,93,-15.46487803922093,0.02936949582004799,-6.91474688180054,0.028494342090543075,-15.847645823480859,0.04218556339412638,-7.064658308043815,0.02537638823920226,-21.454824391023756,0.03915527152536493,-12.478358076979681,0.06792163374210541
152,966511413.8394728,4.278390883999999,1.003571033,12.724680066,11.40204328,9.700231119,19.647354974730487,73,-9.293831416592967,0.05648929720382241,-6.711995770003856,0.0233384105196312,-14.566582435439384,0.04348395559720108,-5.802175241954667,0.021120101937578527,-10.630646906075762,0.08631925742676991,-8.716740076319482,0.03985206440728586
153,966512107.7894636,5.854815006,-0.5036141279999999,24.746249218000003,15.018545634,4.401071083,29.27973684986812,83,-10.791336837783243,0.04071768708318331,-7.023747030862913,0.018705299492760268,-10.125655532106444,0.04881190926516133,-7.135970577032917,0.02555860367842422,-9.78375423486574,0.0435593316917445,-6.716438313680665,0.009062290436949174
154,966512984.9840049,2.7785859110000004,-0.23545530399999998,21.746359289,13.791060661,12.721983742,28.721879583574797,97,-18.410138544222793,0.02356125258456966,-7.3271446514305305,0.029931278637393584,-17.55352806101691,0.15016225660913426,-7.001998811408217,0.02643869324521173,-23.689357035528577,0.1222437973589475,-14.707270331018409,0.07334690940791241
155,966513761.93472,1.002642035,1.052037001,18.929851302,17.621048052,6.83114003,26.748926686433467,88,-11.717478722618479,0.025430112605967437,-6.754834108870642,0.019487804744487032,-12.835762785658597,0.0597805550007139,-7.442644301611095,0.029881550204509087,-12.101485211988019,0.03244413359485448,-8.45303988100082,0.028672974627383857
156,966514658.8646227,4.55657196,-1.3197410109999999,19.973836084000002,17.107105846,11.577244990999999,28.73394856121209,93,-10.44256974758261,0.0654942800434129,-6.942247770833334,0.02247299590697411,-10.624655432175025,0.05262610015626024,-7.521119634771814,0.031190679087554466,-17.41984569453676,0.03989267972030398,-10.004047910579267,0.062037443639255965
157,966515547.2299566,0.521584988,0.276379794,20.173371599,19.20542504,6.378668284,28.574476053214102,86,-8.114302729694284,0.04035589819644556,-6.738865096413412,0.018296737553295844,-9.012237888638692,0.015154394858911827,-6.5616270413768705,0.019080034953051887,-8.701847557150312,0.03621104985184189,-4.98856581305202,0.012013109060198507
158,966516435.7112752,3.5368540289999997,1.299056053,14.213657284000002,10.364114567,13.866051152999999,22.39889056901079,78,-12.20833307702311,0.18293240351088375,-7.351254288314684,0.028402915339056478,-16.267377892014004,0.13136514708773853,-8.965414980691365,0.04170633457578208,-21.955805289435105,0.0820219364403703,-9.13510320254512,0.050560521392692806
159,966517189.1647975,1.7198569769999998,0.08796588300000001,12.552909505999999,20.470363634,4.660346987,24.46078818054019,81,-7.653238765005218,0.03551340880126942,-7.277378466686224,0.013665563849121633,-8.645315241537709,0.0428315335245983,-6.415750143353511,0.01781651137183256,-8.735250631282913,0.06286011767749515,-5.593368778136657,0.010427293692613332
160,966517959.9684585,2.47281003,-0.8109762070000001,18.082359463,11.370650892999999,9.547281952999999,23.39688052219156,62,-9.404258397224535,0.08434195368771658,-7.625284712455796,0.03463396898948458,-17.91699839687948,0.05847729186439904,-7.7028575064456595,0.03187905605195269,-19.12729889238903,0.10536320966392215,-8.188549210785345,0.04556417181093856
161,966518816.8920307,5.157693863,1.281301022,18.58653225,14.509299758,12.32461894,26.605924012595306,86,-10.816019507702967,0.1255386924702333,-7.50438441370861,0.03137095850382701,-20.83697176958329,0.12961339483284573,-7.0505100207992655,0.030980566722681603,-34.90703998991362,0.09374742084891817,-9.923798049235366,0.07706671676757774
162,966519636.8573987,3.399882078,-1.3205809590000002,16.508540253,12.920351334000001,7.132558158999999,22.143639397588515,86,-9.814494043230795,0.04793612005059096,-6.3233861416318575,0.01693248010994999,-9.285762604993748,0.06629785858380084,-6.3790739411664354,0.01826545468144367,-11.459472794809422,0.05520963876667625,-8.96537555582564,0.03700659361283286
163,966520479.630824,4.873354912,-0.127712697,12.445807636,16.864291049000002,5.419415487,21.648845339149915,71,-7.594104690006095,0.024326086227840413,-5.672818131268704,0.0167618939756012,-8.384744402586541,0.04008402598546308,-5.884714274051736,0.015728450757820815,-7.113198853173047,0.030128269085560114,-4.509892369919853,0.011342988450062982
164,966521452.9191213,3.414108038,-0.65488708,24.985520149,14.350881333,8.222263696,29.963805373091255,78,-10.828345480077493,0.09022387409433871,-7.287227744976003,0.02593711185151307,-14.345205505268165,0.07772304366859667,-7.016302856526647,0.02299070075009148,-16.850829002272587,0.04872190934356632,-9.94822585542915,0.06545947028071733
165,966522162.7530378,5.291759968,1.0667459959999999,13.986800262000001,12.736322149000001,9.960423059,21.378833246144424,68,-9.280647335352866,0.06771650445285571,-7.984804028213795,0.03638712407675088,-13.560961113128979,0.06333308418356376,-6.204552171168436,0.021448542871333826,-12.703217004946717,0.07720632811841921,-8.898368848248067,0.034674401197256635
166,966523143.2225771,4.448769093,-0.659549475,16.899618467,15.742023575,2.8429778189999997,23.269957744812285,88,-8.481746689001016,0.01546425450582223,-6.774116413063104,0.01746630534668258,-9.146825956544843,0.036867320668744534,-6.65868180723783,0.017809268217176422,-9.570941540390175,0.04748992180164949,-4.9275348881304355,0.010760846395793928
167,966523831.6513273,4.544789791,-0.8547592159999999,16.520757048,15.083147827000001,3.192024654,22.597030406713188,90,-7.9889967045916555,0.012095213046845979,-6.188740019925591,0.013631245494007096,-7.815193741427,0.0188157878062126,-5.914299491284314,0.016077676960453424,-8.3360937664881,0.044253533448492643,-4.460112390843419,0.011024854384657005
168,966524651.324476,3.089869022,-0.119294897,1.4524374480000002,12.682873417,17.732028673,21.849249266555866,80,-9.633672702052724,0.05564207271256373,-7.358275801362187,0.023603850289866724,-11.980259325101239,0.10052270466879727,-6.8788062757310495,0.021351171686278557,-11.233540462316633,0.09968221368597088,-5.781843087895102,0.014464109088440175
169,966525515.7409035,1.8563549519999998,0.636901975,13.70513638,14.66217902,4.901118274,20.659893928688607,60,-7.3163977807665965,0.030444030829094755,-5.889209230738877,0.019535037888467884,-7.853409418806707,0.016664257810114477,-6.112830371121608,0.013941298791456721,-7.92686401491346,0.03233982506571305,-4.757137626241362,0.010297113738910117
170,966526433.3416272,0.888112307,0.19725689300000002,19.809175956,13.460871962,4.161664985,24.308804608217603,89,-8.729866700401466,0.03247737246226571,-7.098421869005774,0.017869330894545003,-11.87726438753109,0.03189968998488904,-7.348214576550684,0.019876848740618725,-10.039478172486977,0.03983935282448148,-5.446771015543786,0.010899856669223055
171,966527276.856701,4.086752892,0.054890300999999996,19.494120969,8.003213765,2.92436152,21.2749635304493,91,-11.939222808886505,0.06187448880894028,-6.6862514091941625,0.01680591685088731,-10.118657841639457,0.045382720958109336,-6.841324536527996,0.016163348541408346,-11.745423842032386,0.02853953689187563,-4.875839747490149,0.010228406598702102
172,966528130.9973754,2.667943001,0.107023701,13.777040677,25.08947579,8.312396807999999,29.805781082306122,94,-9.430977590560637,0.04328875409142917,-7.666393051275005,0.02356504528061965,-15.132717404398043,0.04977158563290854,-7.576800543550393,0.028310175544575114,-9.410123209953474,0.07187635311029203,-7.1659344109865755,0.028265842568577403
173,966528894.3209981,2.334625006,0.131726697,14.272225013,21.293426989,0.28509426,25.635672772421273,77,-8.095700812684957,0.03452033754725001,-6.56883803101366,0.013617384347844192,-9.502583891638238,0.020911388226273225,-6.321513559475203,0.016303576259517897,-7.4470160311333435,0.024799392685591944,-4.807217562891789,0.012947448043182931
174,966529787.4684361,5.015498161,-0.03247761,14.433193541,17.092125627999998,5.978009847,23.155872602994847,94,-9.544381172896978,0.042603693969098154,-7.046185795550603,0.020665507023166916,-10.818728704175824,0.04824828578510601,-6.6838502739869154,0.017222871080137446,-10.670163552734,0.04378139755619316,-5.386711110326161,0.009663025942075555
175,966530498.2915603,5.506517887,-0.727974892,14.153595917999999,15.18605445,5.309394759,21.427323675048353,66,-6.6460073844967384,0.02577073847552642,-5.587969645226524,0.015494780951933034,-6.964743149171343,0.015624474349424239,-5.576310419434728,0.014803039237731741,-7.46432643520825,0.03012915727999893,-4.270370353235245,0.01032646350526984
176,966531397.0859427,0.823146701,0.643002808,17.846051815,8.494981346,8.257155691,21.420244946264418,73,-9.026308848811839,0.021718500458650546,-6.865705673390987,0.02547730270439339,-13.531016047817957,0.04979455085119981,-7.275542795230673,0.0248830898536822,-13.265941045796337,0.06451938512557426,-7.950260912842551,0.02413199203207018
177,966532326.2128128,5.25701189,0.46925211,12.089264619000001,15.670864681,12.829929101,23.586720832178116,77,-18.481862960448318,0.03445130728599187,-6.399448082065973,0.021070574430616995,-25.5110296307797,0.08347339560818899,-7.043044660152666,0.02128523640430774,-26.963706059228084,0.051662379014824664,-12.62889038907125,0.044875790984282384
178,966533187.5547181,0.65378058,-0.347700685,12.788357448,15.539102207,15.38482136,25.33176882684116,87,-13.330319995821766,0.04670715647966815,-8.748283750378551,0.034019402308886094,-13.346503673049078,0.13182137979587358,-8.110417760901456,0.03415386075071101,-16.671824674728125,0.07917255578152252,-10.245938988574185,0.0832626104293968
179,966533938.0282407,3.032840967,-0.9877164959999999,14.143760074000001,12.40153387,9.110361821,20.900781896119774,69,-8.697972036792589,0.05913356287026183,-7.311824686914593,0.03309302479623361,-14.325728527851805,0.04644701512957975,-6.131417072879583,0.01880458969212305,-11.4672691806683,0.06446104586244333,-8.662610761265256,0.03569622966625008
180,966534728.012824,2.0903680319999998,0.193402797,15.195602105,24.312568566,7.143295862,29.54714858293433,95,-24.54043713448465,0.09404896052339003,-8.046460364021671,0.02263713308465181,-23.47191156322922,0.044525335392821275,-11.186582452033075,0.0215025498028504,-23.39704650893154,0.07348373561793857,-9.868314583735497,0.03675503263169845
181,966535624.0400785,5.090250015,-0.132453799,16.051255857,21.153754977000002,8.418569584,27.856713339058487,98,-9.45170927572575,0.02438098421857153,-7.339819014712583,0.02235382010924171,-11.163877679545264,0.02673147575718877,-7.4086976372907944,0.020195265694759604,-9.572801163162445,0.06468002548510848,-6.944526273690475,0.020483477213725673
182,966536497.5931754,3.876153946,0.114803404,6.271678095,14.214610325,12.183844235999999,19.744243545550432,64,-9.18931342033077,0.03468518336195741,-7.286488903427802,0.037702554485636454,-17.212437741074694,0.1472621491323185,-6.528257622051748,0.02048094414870102,-9.351206353934689,0.08179436229590094,-6.61844338052867,0.01965614512696534
183,966537274.4358168,0.71571672,0.420498699,14.966377005999998,13.653100042,15.137359860999998,25.2891131715606,77,-29.871503329893198,0.14283246876716085,-9.447349110773969,0.06296251527865222,-33.7226819714717,0.07094044552597666,-10.195319979330074,0.04647753633521115,-27.081622607220233,0.07853226963797418,-8.917658210038422,0.027877555044255816
184,966538063.4263109,4.5917668339999995,1.082878947,11.671448746,9.644593861,16.337725258,22.274698049132674,53,-10.829360986639864,0.023130544011751072,-5.819305082838634,0.01867654995629034,-17.150536208343162,0.05133769478168507,-6.374417961374804,0.021631946705136205,-17.338825426227885,0.07635964376061194,-8.83989552060736,0.058136301179132106
185,966538940.8440984,2.946753025,-0.609429121,12.848115923,14.960543059,8.437798212999999,21.449670628574818,64,-8.50377042367321,0.04049999060852095,-6.249102161245851,0.02299413448469914,-13.337606411317719,0.055125124889199385,-6.414462622635826,0.018458133121137164,-12.331220750931445,0.04018250240580423,-8.247947303043322,0.03057473301732937
186,966539823.9953609,2.26651597,1.4507809880000002,14.49308533,12.064871927,7.764552419,20.39360025265212,63,-9.76215338484788,0.028517454700797727,-6.512063090761047,0.015449122429662643,-9.501276620171677,0.027906898583408116,-6.684072656217477,0.017489143971614603,-9.037322412334364,0.038792647428722155,-5.6164465943828565,0.011131545798904881
187,966540711.4981736,2.8461959360000004,-0.573171318,13.015744110999998,16.09675105,12.881270159000001,24.381183524141136,96,-14.41744884848811,0.04524912729165461,-7.5750155088532605,0.035299402821753534,-25.12378839681173,0.03658511924266794,-7.647835144811415,0.03687089863877461,-24.778565981393363,0.05315217885667397,-11.573598143291946,0.039912224637227045
188,966541490.4988012,3.331918001,0.349212408,11.670926645,15.348140465,6.042562545,20.206150217114054,69,-8.364816680309513,0.02766185334425076,-6.098758954511279,0.017512081150833404,-9.291801036335908,0.023428712223733703,-6.301329840434506,0.016069456821391992,-8.355297029088513,0.04988003181229245,-5.831589324199188,0.01117569950143963
189,966542255.970426,0.752376497,0.05662391,6.210046786,18.506337229,6.966507533,20.726346178840256,50,-7.990588133787736,0.012620973738566401,-6.241678720967617,0.015777115966143982,-9.863140121390433,0.039285450127653075,-5.894497113427058,0.014375691134058366,-8.048321193664211,0.0379513229595621,-4.605777935209816,0.009010412709328985
190,966543122.353692,5.8695387839999995,-0.949341118,10.115524272,7.718120025,16.413819382,20.76792417943223,78,-16.999287886432505,0.09994011252100904,-6.828824352782469,0.02398234345455699,-16.624952722881435,0.10070965864780618,-7.606444578603224,0.02524383190588186,-19.35893700197856,0.04162640299224231,-9.075092715552453,0.03297117296276276
191,966543952.575434,2.582043886,0.24065609300000002,17.956061258,10.872377678,4.941135635,21.564868504991818,66,-8.449357864161797,0.032631828246503326,-6.126792150695211,0.01615863807939874,-8.683501749642817,0.03417656839581026,-6.24580440420115,0.02023530246004792,-8.392018550337587,0.032270803453033715,-5.089263666146281,0.010073748667266184
192,966544838.407809,5.068044186,1.083266973,12.040702572999999,9.456782787,17.856444129,23.52151899992955,78,-17.371935867015637,0.09789149698692531,-6.876095210944038,0.020081163624646486,-20.769168786882254,0.09080324188853174,-7.405875135907128,0.03000393049684997,-21.265240758136567,0.08943921066585048,-9.327688873133592,0.026524370981792774
193,966545689.1794381,0.198497295,0.22720369699999998,14.642212279,18.578522816,7.708766989,24.879328345810045,93,-10.126418464563814,0.04615298673220319,-6.494266223368685,0.024245447781285262,-9.854652588496105,0.0431351062219086,-6.388932766741095,0.025183224634326682,-11.763906440225622,0.05175863613292203,-10.206639952528263,0.022072759483375604
194,966546539.8064663,3.622867107,-1.084537983,12.54888976,13.670139065,13.067411757999999,22.695915630751465,55,-8.687950118512703,0.06738384381650549,-6.2465746391415315,0.018882906041687054,-12.418195518637617,0.04918364829473126,-6.440498019940491,0.018135817636357174,-12.182339071784114,0.07463874624552014,-8.113034843751892,0.026074397971087872
195,966547400.0672745,0.451584011,0.528770387,14.280089815,16.360386189,7.081661831,22.84147840369206,79,-7.225673436926946,0.030974249082910094,-6.531185763931142,0.0156403651931512,-7.604285984526219,0.015168281980267808,-6.081716665925422,0.014527429523792984,-7.196240197365609,0.02997893227392023,-5.459536585435655,0.009244271326405967
196,966548230.8794899,0.06226217,0.8278784159999999,7.545493399,8.109777577000001,20.484309585,23.287548221246634,85,-9.551789059875086,0.04901370582294312,-5.827320786114542,0.019995556702930666,-18.54141383320381,0.14392317337651842,-6.44249960765599,0.019269043295122894,-15.23230487727556,0.05675104476674151,-8.418079386247689,0.01622518323100395
197,966549001.0004381,5.181968212,-1.058235049,23.52600907,16.226457288,9.261021638999999,30.042262575895258,92,-9.928601190224686,0.06322567169775997,-7.436538730486899,0.020072687536936865,-14.684833934691502,0.027263782081147256,-6.933518282569985,0.025628926915324816,-16.828608884831443,0.05274331127633549,-8.622600842713133,0.026242523233422955
198,966549835.8818803,5.741003036,1.212057948,12.396121286,9.116279403,15.572523067999999,21.892323946858095,86,-9.660809038642336,0.07148520707048935,-6.36102265230642,0.017329632353933307,-18.893577224544572,0.07129032177036797,-6.711243404504069,0.023629745511241376,-14.122819393739544,0.09071440441372801,-9.685149925990773,0.034328174098849674
199,966550582.4171427,0.65514642,0.272589803,14.125899605999999,17.901846984000002,6.089228555,23.602878415828194,76,-7.477404853137311,0.033308924994592155,-6.332689529720937,0.013804976737114057,-7.55232777186696,0.034415541063523854,-6.017506410487063,0.01791836443002344,-7.577712637895274,0.039074237700816646,-4.71342552709309,0.01190740825230947
